00401.jpg;1124;499;1162;537;1;30
00401.jpg;57;240;81;264;2;19
00402.jpg;1234;333;1257;356;1;30
00403.jpg;1174;257;1194;277;1;14
00404.jpg;1326;120;1352;146;2;17
00405.jpg;360;448;408;496;1;14
00408.jpg;1141;490;1202;551;2;11
00409.jpg;841;169;904;232;3;29
00409.jpg;390;224;418;252;2;14
00409.jpg;328;226;359;257;1;26
00409.jpg;805;188;829;212;1;57
00409.jpg;476;217;503;244;2;13
00409.jpg;1046;143;1110;207;3;48
00409.jpg;367;222;400;255;2;13
00409.jpg;607;206;635;234;1;11
00409.jpg;543;210;572;239;1;41
00409.jpg;731;162;797;228;3;41
00409.jpg;917;164;969;216;3;46
00409.jpg;1217;130;1247;160;2;19
00409.jpg;513;213;541;241;1;31
00409.jpg;761;160;787;186;3;11
00412.jpg;1169;334;1196;361;1;25
00413.jpg;1055;562;1074;581;3;20
00413.jpg;329;629;349;649;3;35
00413.jpg;1143;537;1185;579;2;14
00413.jpg;1041;484;1084;527;1;18
00414.jpg;511;607;546;642;2;20
00414.jpg;356;616;375;635;1;12
00415.jpg;841;542;907;608;2;34
00415.jpg;744;591;779;626;1;28
00415.jpg;751;591;776;616;2;25
00415.jpg;826;549;851;574;3;25
00415.jpg;1053;575;1076;598;2;21
00416.jpg;1179;520;1200;541;1;15
00416.jpg;932;571;967;606;1;27
00417.jpg;1256;107;1278;129;2;17
00417.jpg;569;569;649;649;1;19
00417.jpg;1062;197;1082;217;2;19
00417.jpg;1064;148;1084;168;1;12
00417.jpg;1020;421;1038;439;3;11
00417.jpg;1256;106;1280;130;3;13
00417.jpg;1117;117;1138;138;2;29
00418.jpg;452;533;508;589;3;14
00419.jpg;985;493;1026;534;1;29
00422.jpg;600;569;625;594;3;27
00423.jpg;1149;445;1247;543;2;22
00423.jpg;1045;622;1071;648;3;24
00423.jpg;1221;612;1249;640;3;13
00423.jpg;363;469;452;558;2;27
00425.jpg;303;544;342;583;1;19
00425.jpg;905;543;943;581;1;24
00428.jpg;611;635;631;655;3;24
00428.jpg;774;632;794;652;2;34
00428.jpg;320;544;359;583;3;25
00428.jpg;649;563;675;589;1;12
00429.jpg;448;502;470;524;3;15
00431.jpg;1136;484;1193;541;3;23
00431.jpg;271;522;319;570;3;33
00431.jpg;473;571;522;620;1;16
00432.jpg;744;633;771;660;2;13
00432.jpg;241;611;268;638;3;11
00432.jpg;942;512;972;542;1;11
00432.jpg;241;612;268;639;3;11
00432.jpg;572;622;592;642;2;13
00432.jpg;313;616;333;636;3;27
00434.jpg;167;194;261;288;1;52
00434.jpg;168;194;262;288;1;51
00435.jpg;133;615;186;668;3;31
00435.jpg;321;547;347;573;2;17
00436.jpg;793;530;819;556;1;27
00437.jpg;486;594;513;621;3;25
00437.jpg;749;581;780;612;3;11
00437.jpg;487;594;514;621;3;25
00437.jpg;331;594;364;627;2;20
00437.jpg;405;547;448;590;1;14
00438.jpg;750;597;773;620;3;34
00438.jpg;193;611;218;636;3;19
00438.jpg;800;579;822;601;3;11
00438.jpg;143;641;193;691;1;31
00438.jpg;96;615;122;641;3;20
00438.jpg;469;617;495;643;3;20
00439.jpg;693;578;722;607;3;28
00439.jpg;1190;497;1261;568;3;38
00439.jpg;968;442;989;463;3;19
00439.jpg;226;608;247;629;3;17
00439.jpg;968;443;989;464;1;17
00440.jpg;975;421;1019;465;3;33
00440.jpg;1251;501;1315;565;2;56
00440.jpg;179;607;202;630;3;18
00440.jpg;1250;501;1316;567;2;50
00440.jpg;324;604;343;623;2;13
00441.jpg;1058;523;1120;585;3;18
00442.jpg;970;472;1046;548;2;19
00443.jpg;818;555;847;584;1;40
00443.jpg;817;552;848;583;1;37
00444.jpg;972;578;997;603;1;16
00444.jpg;962;529;1013;580;2;12
00445.jpg;209;516;260;567;3;23
00445.jpg;210;516;261;567;3;23
00445.jpg;1069;631;1105;667;3;23
00445.jpg;1002;577;1026;601;2;18
00446.jpg;764;493;807;536;3;36
00446.jpg;396;503;449;556;3;39
00446.jpg;763;493;808;538;3;34
00447.jpg;561;402;582;423;3;23
00449.jpg;817;477;839;499;1;17
00449.jpg;555;602;598;645;2;19
00451.jpg;973;528;998;553;1;15
00451.jpg;974;528;999;553;1;17
00454.jpg;1071;413;1092;434;1;21
00454.jpg;1071;412;1092;433;1;22
00455.jpg;237;550;268;581;3;26
00455.jpg;1092;360;1187;455;2;26
00457.jpg;1246;423;1298;475;1;35
00457.jpg;852;513;920;581;3;26
00460.jpg;163;639;185;661;3;41
00460.jpg;813;647;840;674;3;12
00460.jpg;560;317;582;339;3;42
00460.jpg;813;648;838;673;3;12
00461.jpg;221;597;258;634;2;11
00461.jpg;1024;167;1066;209;1;23
00462.jpg;199;601;249;651;2;25
00462.jpg;271;670;298;697;1;14
00463.jpg;629;616;657;644;2;22
00464.jpg;814;611;854;651;1;40
00464.jpg;614;689;642;717;3;23
00464.jpg;1171;115;1193;137;1;29
00464.jpg;374;606;395;627;2;36
00464.jpg;600;690;625;715;1;22
00464.jpg;1013;607;1061;655;1;29
00464.jpg;438;675;458;695;1;21
00464.jpg;1176;238;1199;261;3;17
00464.jpg;437;675;457;695;1;17
00464.jpg;1208;682;1229;703;3;20
00464.jpg;704;613;743;652;3;20
00464.jpg;0;637;21;658;3;14
00464.jpg;137;644;162;669;3;12
00464.jpg;1176;240;1196;260;1;23
00464.jpg;1333;192;1362;221;1;20
00464.jpg;482;610;503;631;1;38
00464.jpg;1106;605;1158;657;3;23
00464.jpg;1312;64;1341;93;3;17
00464.jpg;862;610;902;650;1;34
00464.jpg;767;612;806;651;1;33
00464.jpg;861;610;901;650;1;38
00464.jpg;910;609;954;653;1;32
00464.jpg;568;688;593;713;1;25
00464.jpg;410;669;429;688;1;17
00464.jpg;431;606;469;644;3;25
00464.jpg;271;654;302;685;3;19
00464.jpg;1207;682;1228;703;3;19
00464.jpg;723;693;748;718;3;14
00464.jpg;507;577;555;625;3;16
00464.jpg;1303;173;1323;193;1;26
00464.jpg;1182;575;1216;609;3;11
00464.jpg;1317;152;1337;172;1;26
00464.jpg;1240;84;1269;113;2;17
00464.jpg;1177;279;1201;303;1;25
00464.jpg;1147;60;1177;90;2;26
00464.jpg;1132;93;1152;113;2;25
00464.jpg;507;581;549;623;3;23
00464.jpg;1066;607;1104;645;1;35
00464.jpg;297;611;317;631;1;18
00464.jpg;1241;84;1268;111;3;16
00464.jpg;1177;281;1198;302;2;25
00464.jpg;1130;130;1152;152;3;21
00464.jpg;1014;607;1058;651;1;31
00464.jpg;983;693;1006;716;3;28
00464.jpg;374;667;394;687;1;20
00464.jpg;480;680;501;701;1;25
00464.jpg;1170;683;1198;711;3;29
00464.jpg;119;579;140;600;3;15
00464.jpg;957;608;1008;659;3;17
00464.jpg;510;673;548;711;3;26
00464.jpg;1014;692;1038;716;3;19
00464.jpg;458;678;478;698;1;26
00464.jpg;1108;686;1139;717;1;18
00465.jpg;1116;745;1148;777;3;20
00465.jpg;1251;320;1325;394;3;17
00465.jpg;490;329;538;377;3;27
00465.jpg;929;600;957;628;3;30
00465.jpg;1054;648;1082;676;1;14
00465.jpg;1226;773;1258;805;2;24
00465.jpg;946;683;986;723;3;24
00466.jpg;1201;490;1224;513;3;38
00466.jpg;946;592;973;619;2;19
00466.jpg;923;567;946;590;2;18
00468.jpg;1129;508;1165;544;1;31
00468.jpg;973;586;1003;616;3;30
00468.jpg;1124;584;1155;615;3;20
00469.jpg;561;666;613;718;3;13
00469.jpg;1116;315;1140;339;1;11
00469.jpg;1212;393;1265;446;2;25
00469.jpg;453;598;490;635;1;17
00469.jpg;629;540;649;560;1;22
00469.jpg;289;633;314;658;3;13
00469.jpg;36;359;85;408;1;28
00469.jpg;309;346;331;368;3;18
00469.jpg;1204;230;1250;276;3;44
00469.jpg;701;457;727;483;1;17
00470.jpg;800;595;820;615;3;33
00470.jpg;420;472;439;491;1;23
00470.jpg;420;429;443;452;1;12
00470.jpg;906;515;939;548;1;29
00470.jpg;907;515;940;548;1;34
00470.jpg;875;522;899;546;1;32
00470.jpg;899;511;937;549;1;41
00471.jpg;264;538;284;558;1;20
00471.jpg;263;538;283;558;1;13
00471.jpg;11;532;60;581;3;19
00471.jpg;834;395;930;491;3;13
00471.jpg;423;625;448;650;2;14
00471.jpg;98;475;160;537;2;14
00472.jpg;138;434;161;457;3;39
00472.jpg;1027;660;1045;678;2;28
00472.jpg;937;598;961;622;2;27
00472.jpg;127;414;170;457;2;22
00472.jpg;759;612;782;635;3;16
00472.jpg;528;469;555;496;1;12
00474.jpg;514;568;548;602;1;19
00475.jpg;1233;467;1312;546;1;22
00476.jpg;160;515;203;558;3;15
00476.jpg;164;528;195;559;3;16
00477.jpg;307;494;331;518;2;11
00477.jpg;299;508;338;547;1;27
00477.jpg;299;507;338;546;1;32
00479.jpg;483;662;533;712;3;11
00479.jpg;1184;446;1211;473;3;18
00479.jpg;484;662;530;708;3;12
00479.jpg;606;531;656;581;3;20
00479.jpg;626;486;656;516;2;18
00479.jpg;485;662;518;695;3;24
00479.jpg;592;541;622;571;2;21
00479.jpg;804;641;825;662;2;34
00480.jpg;1050;437;1110;497;3;30
00481.jpg;1106;565;1137;596;3;37
00481.jpg;1056;535;1137;616;3;15
00482.jpg;256;512;330;586;3;25
00482.jpg;793;599;840;646;3;26
00483.jpg;149;509;206;566;1;16
00483.jpg;1184;534;1230;580;1;19
00486.jpg;895;612;924;641;3;17
00488.jpg;1020;628;1048;656;3;15
00488.jpg;1329;727;1361;759;3;13
00488.jpg;835;611;860;636;3;13
00491.jpg;879;484;904;509;3;16
00491.jpg;463;663;500;700;1;12
00491.jpg;880;484;905;509;3;16
00493.jpg;1276;271;1307;302;2;28
00493.jpg;317;638;344;665;1;22
00493.jpg;915;456;961;502;2;23
00493.jpg;1159;249;1181;271;1;28
00493.jpg;316;638;346;668;3;20
00493.jpg;1159;248;1181;270;1;26
00493.jpg;951;459;970;478;2;20
00493.jpg;1276;277;1299;300;2;17
00494.jpg;743;585;763;605;1;27
00494.jpg;616;491;635;510;1;21
00494.jpg;785;596;811;622;1;23
00494.jpg;638;471;667;500;1;21
00494.jpg;966;435;985;454;2;26
00495.jpg;878;615;909;646;3;14
00496.jpg;991;610;1012;631;2;55
00496.jpg;1012;534;1070;592;1;26
00496.jpg;1237;643;1265;671;1;11
00496.jpg;508;490;559;541;3;17
00496.jpg;1152;627;1180;655;2;22
00496.jpg;511;537;550;576;1;63
00497.jpg;301;632;321;652;2;14
00498.jpg;252;629;302;679;3;21
00498.jpg;253;629;300;676;3;20
00501.jpg;980;617;1003;640;3;20
00501.jpg;904;618;929;643;3;15
00502.jpg;558;602;596;640;3;21
00503.jpg;808;612;829;633;3;52
00504.jpg;1204;198;1227;221;2;12
00504.jpg;1270;288;1293;311;3;12
00504.jpg;717;513;740;536;2;38
00504.jpg;1179;320;1199;340;3;12
00505.jpg;986;586;1011;611;3;41
00505.jpg;630;609;659;638;3;18
00505.jpg;576;494;598;516;3;33
00505.jpg;1032;484;1055;507;3;40
00506.jpg;112;335;135;358;1;18
00506.jpg;387;583;414;610;1;19
00507.jpg;882;480;929;527;2;36
00507.jpg;616;598;638;620;3;27
00507.jpg;883;480;928;525;2;42
00507.jpg;617;598;637;618;3;34
00507.jpg;556;598;581;623;3;17
00508.jpg;863;495;910;542;2;17
00509.jpg;836;491;875;530;2;27
00511.jpg;347;538;412;603;2;39
00511.jpg;347;539;412;604;2;36
00511.jpg;333;453;421;541;1;11
00511.jpg;470;555;518;603;2;40
00511.jpg;33;573;64;604;1;11
00512.jpg;1134;486;1186;538;3;17
00512.jpg;228;482;273;527;3;12
00513.jpg;790;592;837;639;1;23
00515.jpg;921;286;945;310;1;19
00515.jpg;254;359;334;439;1;46
00515.jpg;1176;312;1238;374;3;29
00516.jpg;193;410;223;440;3;44
00519.jpg;100;409;125;434;1;13
00520.jpg;1089;573;1124;608;2;25
00521.jpg;471;627;497;653;3;23
00521.jpg;945;566;977;598;1;20
00522.jpg;739;616;758;635;3;14
00523.jpg;442;479;470;507;1;23
00523.jpg;148;605;177;634;3;23
00523.jpg;147;605;178;636;3;22
00524.jpg;1218;527;1275;584;1;29
00524.jpg;182;523;248;589;3;28
00524.jpg;183;523;249;589;3;27
00525.jpg;566;430;590;454;2;20
00525.jpg;787;393;838;444;3;23
00526.jpg;792;490;812;510;3;35
00527.jpg;982;512;1020;550;3;28
00527.jpg;814;521;836;543;3;31
00527.jpg;874;425;906;457;3;15
00527.jpg;359;420;391;452;3;17
00528.jpg;163;413;211;461;3;11
00528.jpg;986;340;1026;380;1;58
00529.jpg;319;380;341;402;1;20
00531.jpg;909;431;932;454;3;15
00532.jpg;872;625;892;645;1;17
00532.jpg;1167;368;1252;453;3;16
00535.jpg;766;535;802;571;3;13
00535.jpg;668;200;694;226;3;20
00535.jpg;974;372;1005;403;2;17
00535.jpg;488;498;513;523;3;14
00535.jpg;488;499;510;521;3;16
00535.jpg;637;263;663;289;2;19
00535.jpg;963;428;1005;470;1;15
00535.jpg;827;547;858;578;2;18
00536.jpg;838;469;873;504;3;11
00536.jpg;1174;413;1238;477;3;20
00536.jpg;857;481;877;501;3;11
00537.jpg;451;125;484;158;3;17
00537.jpg;617;276;639;298;2;16
00537.jpg;534;63;575;104;1;16
00537.jpg;425;246;448;269;1;29
00537.jpg;631;244;651;264;1;17
00537.jpg;451;126;480;155;1;22
00537.jpg;533;63;574;104;1;21
00537.jpg;770;315;822;367;1;28
00537.jpg;451;251;475;275;1;33
00537.jpg;757;99;778;120;3;13
00537.jpg;719;287;740;308;1;24
00537.jpg;758;43;781;66;2;24
00537.jpg;639;128;674;163;2;24
00537.jpg;779;607;798;626;3;23
00538.jpg;1337;435;1363;461;3;17
00538.jpg;1089;456;1137;504;1;21
00538.jpg;501;339;525;363;3;30
00538.jpg;502;342;523;363;3;31
00538.jpg;593;482;621;510;2;19
00538.jpg;1169;388;1195;414;1;18
00538.jpg;138;126;166;154;2;17
00538.jpg;569;362;590;383;3;27
00538.jpg;1130;334;1154;358;1;14
00538.jpg;538;413;563;438;2;28
00538.jpg;1099;456;1131;488;3;32
00539.jpg;521;74;542;95;1;17
00539.jpg;189;223;213;247;3;36
00539.jpg;32;252;63;283;2;32
00539.jpg;244;275;283;314;3;27
00539.jpg;110;299;163;352;3;31
00539.jpg;109;299;164;354;3;30
00539.jpg;406;15;432;41;2;18
00539.jpg;422;85;444;107;2;17
00539.jpg;245;277;282;314;3;26
00539.jpg;66;167;88;189;3;26
00539.jpg;28;241;69;282;2;19
00539.jpg;93;192;118;217;1;32
00539.jpg;429;181;452;204;3;25
00540.jpg;1233;783;1258;808;3;16
00541.jpg;1278;144;1301;167;3;14
00541.jpg;1280;144;1303;167;3;18
00541.jpg;831;349;857;375;1;16
00541.jpg;913;375;936;398;1;21
00541.jpg;1279;144;1302;167;3;14
00541.jpg;858;416;883;441;1;15
00543.jpg;1314;115;1336;137;1;25
00543.jpg;13;97;39;123;1;17
00543.jpg;48;92;79;123;1;24
00543.jpg;1320;19;1346;45;2;19
00543.jpg;397;4;422;29;1;32
00543.jpg;129;113;168;152;2;17
00543.jpg;162;160;202;200;1;25
00543.jpg;356;62;383;89;2;14
00543.jpg;200;80;225;105;1;13
00543.jpg;323;5;345;27;3;32
00543.jpg;124;73;143;92;2;26
00543.jpg;220;147;242;169;1;20
00543.jpg;123;73;144;94;3;20
00544.jpg;629;95;663;129;3;20
00544.jpg;1117;463;1181;527;3;21
00544.jpg;786;441;816;471;2;17
00544.jpg;163;254;185;276;2;47
00544.jpg;1148;483;1185;520;2;33
00544.jpg;247;197;287;237;2;24
00544.jpg;509;498;533;522;2;17
00544.jpg;246;197;286;237;2;26
00544.jpg;992;421;1044;473;3;11
00544.jpg;1149;483;1186;520;2;30
00544.jpg;629;96;663;130;3;18
00544.jpg;139;255;161;277;2;34
00544.jpg;1060;306;1117;363;2;59
00544.jpg;1153;463;1174;484;1;13
00544.jpg;200;252;222;274;1;66
00544.jpg;1060;307;1117;364;2;47
00544.jpg;509;495;537;523;2;14
00544.jpg;104;257;125;278;1;18
00544.jpg;1116;463;1182;529;3;22
00545.jpg;826;182;863;219;1;21
00545.jpg;1206;508;1233;535;1;20
00545.jpg;826;183;861;218;1;18
00545.jpg;1048;494;1070;516;3;21
00545.jpg;875;358;940;423;3;18
00545.jpg;875;366;925;416;3;22
00545.jpg;1150;461;1192;503;3;51
00545.jpg;334;449;353;468;3;16
00545.jpg;1189;385;1212;408;3;15
00545.jpg;214;437;252;475;1;27
00546.jpg;451;124;476;149;1;33
00546.jpg;927;224;953;250;2;20
00546.jpg;514;223;544;253;1;14
00546.jpg;403;34;428;59;1;27
00546.jpg;856;198;879;221;2;19
00546.jpg;380;73;409;102;1;17
00548.jpg;1102;437;1134;469;3;23
00548.jpg;1103;437;1133;467;3;25
00550.jpg;894;492;934;532;1;36
00550.jpg;1157;483;1215;541;1;41
00550.jpg;743;495;764;516;3;32
00550.jpg;1202;51;1226;75;3;27
00550.jpg;27;685;69;727;3;22
00551.jpg;715;571;740;596;3;25
00551.jpg;716;571;737;592;1;38
00551.jpg;627;573;650;596;3;38
00551.jpg;932;461;971;500;3;37
00551.jpg;932;460;971;499;3;36
00552.jpg;813;507;835;529;3;64
00552.jpg;812;507;836;531;3;56
00552.jpg;955;546;974;565;3;33
00552.jpg;954;546;975;567;3;28
00553.jpg;575;555;597;577;3;23
00554.jpg;445;552;474;581;3;11
00555.jpg;808;389;850;431;2;18
00556.jpg;1202;554;1252;604;3;38
00556.jpg;1201;554;1254;607;3;38
00560.jpg;842;349;865;372;1;23
00560.jpg;840;418;861;439;3;26
00561.jpg;11;125;31;145;2;23
00562.jpg;439;421;460;442;2;37
00562.jpg;126;256;161;291;3;18
00562.jpg;289;307;318;336;1;34
00562.jpg;639;511;663;535;3;12
00562.jpg;611;389;636;414;3;18
00562.jpg;357;326;380;349;3;60
00562.jpg;146;303;177;334;3;29
00562.jpg;653;364;674;385;2;18
00562.jpg;289;306;318;335;1;37
00564.jpg;875;299;902;326;2;24
00564.jpg;726;315;750;339;3;24
00564.jpg;725;312;752;339;1;21
00564.jpg;875;270;900;295;2;21
00564.jpg;769;348;793;372;3;27
00564.jpg;738;224;760;246;3;14
00564.jpg;270;385;295;410;2;24
00564.jpg;758;372;797;411;1;23
00564.jpg;758;373;797;412;1;27
00564.jpg;790;389;811;410;3;20
00564.jpg;925;478;988;541;3;18
00565.jpg;641;503;660;522;1;19
00565.jpg;722;247;745;270;2;19
00565.jpg;900;410;935;445;1;25
00565.jpg;0;371;28;399;2;16
00565.jpg;583;199;612;228;3;23
00565.jpg;583;219;612;248;3;11
00565.jpg;607;506;633;532;3;15
00565.jpg;638;486;665;513;2;36
00565.jpg;516;506;543;533;3;29
00565.jpg;944;644;964;664;3;19
00565.jpg;334;212;364;242;1;12
00565.jpg;642;503;661;522;1;23
00565.jpg;583;200;612;229;3;22
00566.jpg;135;22;158;45;3;20
00566.jpg;143;0;164;21;3;18
00566.jpg;231;77;257;103;1;31
00566.jpg;123;416;161;454;2;18
00567.jpg;471;387;492;408;1;33
00567.jpg;849;315;871;337;1;18
00567.jpg;1;100;35;134;1;21
00567.jpg;1047;407;1105;465;2;21
00567.jpg;59;58;83;82;1;25
00567.jpg;470;387;496;413;3;26
00567.jpg;129;346;158;375;2;18
00567.jpg;54;179;79;204;3;15
00567.jpg;1047;408;1103;464;2;19
00567.jpg;1009;19;1043;53;3;23
00567.jpg;892;133;918;159;1;20
00567.jpg;60;58;84;82;1;30
00567.jpg;61;93;92;124;1;19
00567.jpg;35;140;59;164;2;24
00567.jpg;897;134;918;155;3;15
00567.jpg;2;100;34;132;1;22
00567.jpg;36;143;58;165;1;24
00568.jpg;639;427;664;452;2;25
00568.jpg;374;328;399;353;1;14
00568.jpg;431;386;453;408;2;12
00568.jpg;638;427;663;452;2;25
00568.jpg;374;327;399;352;2;14
00569.jpg;1316;80;1337;101;2;39
00569.jpg;1248;132;1273;157;1;33
00569.jpg;771;384;793;406;1;19
00569.jpg;1261;185;1286;210;3;22
00569.jpg;1300;107;1333;140;2;26
00569.jpg;1316;81;1337;102;2;36
00570.jpg;880;417;916;453;1;32
00570.jpg;645;479;670;504;3;31
00570.jpg;384;293;435;344;1;21
00570.jpg;718;420;742;444;2;27
00571.jpg;1131;59;1155;83;2;17
00571.jpg;756;107;780;131;3;16
00571.jpg;1201;145;1222;166;1;15
00571.jpg;750;140;770;160;3;14
00571.jpg;1277;5;1313;41;3;17
00571.jpg;1057;77;1080;100;2;21
00571.jpg;989;63;1009;83;1;19
00571.jpg;990;63;1010;83;1;18
00571.jpg;1233;29;1263;59;3;31
00571.jpg;1024;98;1044;118;3;12
00571.jpg;582;9;607;34;2;24
00571.jpg;1297;43;1321;67;1;23
00571.jpg;1186;289;1208;311;1;28
00571.jpg;1262;147;1286;171;1;28
00572.jpg;537;407;559;429;3;30
00572.jpg;435;389;459;413;1;28
00572.jpg;895;147;919;171;2;29
00572.jpg;911;212;943;244;2;24
00572.jpg;916;96;946;126;3;14
00572.jpg;671;497;700;526;1;32
00572.jpg;568;417;606;455;2;20
00572.jpg;530;497;557;524;1;39
00573.jpg;861;24;889;52;2;18
00573.jpg;26;219;49;242;2;49
00573.jpg;892;11;916;35;2;19
00573.jpg;870;92;897;119;2;26
00573.jpg;625;340;646;361;1;26
00573.jpg;705;369;741;405;2;20
00573.jpg;141;280;164;303;2;22
00573.jpg;738;187;768;217;1;18
00573.jpg;837;187;862;212;1;32
00573.jpg;767;396;793;422;1;28
00573.jpg;245;364;271;390;2;29
00573.jpg;166;316;198;348;1;18
00573.jpg;1032;17;1058;43;1;24
00573.jpg;712;160;733;181;1;30
00573.jpg;897;196;922;221;1;20
00573.jpg;706;336;727;357;1;46
00573.jpg;678;389;699;410;1;24
00573.jpg;721;146;757;182;3;27
00573.jpg;705;336;731;362;1;45
00573.jpg;742;254;765;277;2;53
00573.jpg;891;11;915;35;1;18
00573.jpg;677;323;698;344;1;31
00574.jpg;539;469;593;523;3;15
00574.jpg;564;407;623;466;3;12
00575.jpg;719;16;745;42;2;16
00575.jpg;628;409;654;435;3;17
00575.jpg;744;147;810;213;2;29
00575.jpg;628;410;650;432;3;12
00575.jpg;828;377;860;409;2;17
00575.jpg;790;237;815;262;1;19
00575.jpg;746;142;772;168;2;21
00575.jpg;789;307;844;362;3;19
00575.jpg;816;5;844;33;2;11
00575.jpg;668;265;698;295;3;20
00576.jpg;620;249;645;274;1;25
00576.jpg;560;240;592;272;1;17
00576.jpg;601;402;624;425;3;26
00576.jpg;702;253;752;303;2;27
00576.jpg;714;189;738;213;1;19
00576.jpg;709;370;752;413;3;15
00576.jpg;708;318;766;376;2;13
00576.jpg;475;421;507;453;2;12
00576.jpg;709;264;751;306;2;44
00576.jpg;678;192;703;217;1;12
00576.jpg;637;478;658;499;2;15
00576.jpg;698;220;726;248;1;31
00577.jpg;1094;105;1158;169;1;25
00577.jpg;832;240;876;284;1;21
00577.jpg;1163;0;1242;79;2;11
00577.jpg;312;474;360;522;3;16
00577.jpg;977;56;1018;97;1;23
00577.jpg;315;474;354;513;1;21
00577.jpg;831;240;875;284;2;17
00577.jpg;935;0;970;35;3;24
00577.jpg;642;461;683;502;2;17
00577.jpg;978;275;1016;313;1;12
00577.jpg;936;0;969;33;3;22
00577.jpg;827;206;885;264;1;26
00577.jpg;880;137;920;177;1;28
00577.jpg;976;56;1019;99;1;25
00577.jpg;881;311;914;344;1;16
00578.jpg;867;337;887;357;3;11
00578.jpg;227;467;273;513;3;41
00578.jpg;273;563;300;590;1;13
00579.jpg;473;579;506;612;3;55
00579.jpg;22;536;87;601;3;33
00579.jpg;1178;718;1252;792;3;38
00579.jpg;36;711;103;778;3;39
00579.jpg;125;534;175;584;3;30
00579.jpg;270;534;294;558;2;14
00579.jpg;313;585;357;629;1;28
00579.jpg;33;709;103;779;3;35
00579.jpg;107;645;196;734;3;12
00579.jpg;126;534;174;582;3;34
00580.jpg;721;535;748;562;3;18
00581.jpg;556;556;579;579;3;32
00581.jpg;711;553;733;575;3;27
00581.jpg;965;494;1005;534;3;19
00581.jpg;504;556;527;579;3;22
00581.jpg;964;494;1006;536;3;19
00581.jpg;711;552;735;576;3;24
00581.jpg;504;555;529;580;3;18
00582.jpg;507;539;531;563;3;31
00583.jpg;1236;490;1272;526;3;27
00583.jpg;733;462;759;488;3;41
00585.jpg;860;439;881;460;2;16
00585.jpg;883;432;910;459;2;12
00585.jpg;882;432;909;459;2;16
00587.jpg;311;564;343;596;2;13
00587.jpg;36;614;75;653;2;19
00587.jpg;967;340;990;363;2;19
00587.jpg;1114;106;1140;132;1;25
00587.jpg;930;300;954;324;2;21
00587.jpg;1158;196;1181;219;3;17
00587.jpg;868;526;891;549;1;25
00587.jpg;29;547;87;605;1;19
00587.jpg;1184;164;1210;190;1;17
00587.jpg;978;2;1012;36;3;27
00587.jpg;955;217;989;251;1;36
00587.jpg;31;542;62;573;3;22
00587.jpg;1006;137;1029;160;1;13
00587.jpg;1102;133;1133;164;2;19
00587.jpg;894;304;929;339;1;19
00587.jpg;902;253;928;279;2;36
00587.jpg;31;573;81;623;3;19
00587.jpg;970;406;991;427;3;18
00587.jpg;905;283;927;305;2;26
00587.jpg;931;400;953;422;3;27
00587.jpg;954;217;990;253;3;35
00587.jpg;906;283;928;305;2;24
00588.jpg;419;444;440;465;2;12
00588.jpg;75;431;96;452;2;25
00588.jpg;103;403;133;433;1;16
00588.jpg;145;256;173;284;2;21
00588.jpg;103;404;133;434;1;14
00589.jpg;960;499;997;536;1;31
00589.jpg;770;489;808;527;1;15
00589.jpg;339;573;365;599;1;14
00589.jpg;169;466;195;492;3;13
00589.jpg;642;505;661;524;1;20
00589.jpg;234;569;310;645;1;13
00591.jpg;193;317;229;353;1;26
00591.jpg;984;218;1028;262;3;13
00591.jpg;136;260;157;281;3;25
00591.jpg;1142;436;1212;506;2;12
00591.jpg;1145;29;1177;61;2;27
00591.jpg;1256;72;1285;101;2;23
00591.jpg;1064;454;1103;493;3;20
00591.jpg;432;552;460;580;1;11
00591.jpg;137;260;158;281;3;23
00591.jpg;1188;79;1211;102;3;19
00591.jpg;1342;99;1363;120;3;20
00591.jpg;291;382;311;402;1;19
00591.jpg;243;567;267;591;2;24
00591.jpg;337;248;358;269;1;18
00591.jpg;236;340;279;383;2;18
00591.jpg;1288;20;1316;48;1;18
00591.jpg;21;336;55;370;1;25
00591.jpg;1251;27;1273;49;3;21
00591.jpg;1000;435;1038;473;2;16
00591.jpg;1027;272;1064;309;2;17
00591.jpg;1141;92;1164;115;3;20
00591.jpg;432;553;457;578;1;11
00591.jpg;188;314;229;355;1;23
00591.jpg;515;388;538;411;2;24
00591.jpg;198;427;221;450;1;15
00591.jpg;515;389;536;410;2;25
00591.jpg;311;292;340;321;1;18
00591.jpg;506;419;530;443;3;16
00591.jpg;1116;90;1141;115;1;13
00591.jpg;1335;180;1362;207;3;60
00591.jpg;1121;63;1145;87;1;33
00591.jpg;14;133;43;162;2;37
00591.jpg;1331;246;1351;266;3;42
00591.jpg;193;315;229;351;1;27
00591.jpg;302;227;331;256;1;21
00591.jpg;1065;195;1089;219;3;11
00591.jpg;1289;394;1315;420;2;13
00591.jpg;1343;99;1364;120;3;21
00591.jpg;1141;91;1166;116;3;16
00592.jpg;873;320;905;352;2;35
00592.jpg;667;153;694;180;3;18
00592.jpg;932;319;955;342;1;17
00592.jpg;686;455;725;494;2;20
00592.jpg;805;316;825;336;1;26
00593.jpg;1270;270;1295;295;1;11
00593.jpg;983;486;1018;521;3;12
00593.jpg;1043;441;1085;483;3;20
00593.jpg;1271;270;1291;290;1;12
00593.jpg;995;486;1017;508;1;19
00593.jpg;1062;391;1087;416;1;14
00593.jpg;956;78;981;103;1;14
00593.jpg;801;335;825;359;1;15
00593.jpg;1190;544;1233;587;3;12
00593.jpg;987;75;1015;103;3;15
00593.jpg;1116;386;1152;422;3;35
00593.jpg;846;190;869;213;1;16
00593.jpg;936;462;963;489;2;23
00593.jpg;707;380;731;404;3;21
00593.jpg;869;386;914;431;2;20
00593.jpg;811;283;836;308;3;15
00593.jpg;940;410;972;442;2;14
00593.jpg;497;345;527;375;1;26
00593.jpg;425;358;453;386;3;25
00593.jpg;461;305;486;330;2;24
00593.jpg;1155;560;1180;585;3;21
00593.jpg;24;331;47;354;1;24
00593.jpg;182;434;215;467;3;14
00593.jpg;1152;472;1176;496;3;30
00593.jpg;1062;394;1083;415;3;15
00593.jpg;1180;404;1203;427;2;25
00593.jpg;191;440;215;464;2;14
00593.jpg;1043;445;1085;487;3;17
00593.jpg;840;177;876;213;1;12
00593.jpg;207;97;231;121;3;14
00593.jpg;1313;86;1337;110;3;23
00593.jpg;813;195;836;218;3;19
00593.jpg;815;365;837;387;1;14
00593.jpg;1159;605;1208;654;3;27
00593.jpg;867;383;915;431;2;21
00593.jpg;994;553;1026;585;2;27
00593.jpg;917;470;986;539;3;14
00593.jpg;1295;423;1338;466;3;19
00593.jpg;24;330;52;358;2;22
00593.jpg;499;362;521;384;3;25
00593.jpg;461;306;486;331;2;27
00593.jpg;933;64;954;85;1;18
00593.jpg;886;123;912;149;3;17
00593.jpg;939;410;971;442;2;13
00593.jpg;1144;311;1168;335;3;18
00593.jpg;779;370;801;392;1;19
00593.jpg;851;214;876;239;3;13
00593.jpg;755;396;785;426;1;16
00593.jpg;1218;298;1256;336;2;21
00594.jpg;1056;429;1082;455;3;19
00594.jpg;505;417;578;490;1;12
00594.jpg;1057;429;1081;453;3;23
00595.jpg;504;557;578;631;3;42
00595.jpg;1;371;72;442;3;16
00595.jpg;533;329;563;359;2;17
00595.jpg;551;228;583;260;3;24
00595.jpg;1259;384;1286;411;3;11
00595.jpg;44;84;77;117;3;21
00595.jpg;197;412;218;433;3;21
00595.jpg;458;341;489;372;2;16
00595.jpg;429;682;460;713;2;20
00595.jpg;1315;713;1340;738;1;33
00595.jpg;550;228;582;260;3;22
00595.jpg;458;342;484;368;2;12
00595.jpg;463;283;511;331;3;18
00595.jpg;789;705;811;727;3;32
00595.jpg;727;414;784;471;1;22
00595.jpg;699;564;767;632;3;12
00595.jpg;581;300;613;332;2;11
00595.jpg;470;278;525;333;3;20
00595.jpg;532;329;565;362;2;18
00595.jpg;796;731;817;752;3;28
00595.jpg;1219;390;1244;415;3;11
00596.jpg;435;512;456;533;1;12
00596.jpg;1320;357;1343;380;2;21
00596.jpg;30;516;50;536;1;34
00596.jpg;786;512;814;540;2;33
00596.jpg;678;405;698;425;1;27
00596.jpg;336;397;358;419;2;25
00596.jpg;388;430;415;457;1;33
00596.jpg;979;477;1044;542;2;12
00596.jpg;700;216;728;244;3;16
00596.jpg;423;350;461;388;2;16
00596.jpg;997;389;1022;414;2;13
00596.jpg;786;511;831;556;1;24
00596.jpg;429;351;461;383;3;14
00596.jpg;1088;349;1119;380;1;11
00596.jpg;473;325;498;350;1;18
00596.jpg;325;334;346;355;2;29
00596.jpg;989;558;1013;582;2;34
00596.jpg;677;353;714;390;3;15
00596.jpg;558;504;606;552;2;15
00596.jpg;407;466;432;491;2;12
00596.jpg;426;620;447;641;2;13
00596.jpg;595;425;619;449;3;24
00596.jpg;676;353;713;390;2;19
00596.jpg;325;319;385;379;2;11
00596.jpg;1091;476;1115;500;1;14
00596.jpg;1333;310;1361;338;3;16
00596.jpg;593;444;624;475;2;15
00596.jpg;639;543;661;565;3;20
00596.jpg;982;565;1046;629;1;55
00596.jpg;519;505;552;538;2;16
00596.jpg;389;401;409;421;3;17
00596.jpg;1088;348;1121;381;1;12
00596.jpg;588;556;621;589;3;41
00596.jpg;639;542;661;564;1;23
00596.jpg;990;558;1012;580;2;33
00596.jpg;329;360;349;380;1;24
00596.jpg;389;430;414;455;1;33
00597.jpg;651;508;674;531;1;14
00597.jpg;833;388;854;409;3;21
00597.jpg;827;533;865;571;1;20
00597.jpg;1064;529;1093;558;3;17
00597.jpg;481;536;509;564;3;18
00597.jpg;817;355;840;378;2;21
00597.jpg;185;536;209;560;3;18
00597.jpg;377;546;423;592;2;20
00597.jpg;765;505;860;600;2;25
00597.jpg;481;535;512;566;3;16
00597.jpg;377;555;396;574;2;24
00597.jpg;1245;685;1364;804;3;17
00597.jpg;119;433;143;457;3;16
00597.jpg;1115;179;1143;207;2;31
00597.jpg;987;574;1008;595;3;29
00597.jpg;353;554;374;575;2;33
00597.jpg;1004;340;1028;364;2;27
00597.jpg;416;530;490;604;3;18
00597.jpg;739;511;767;539;1;13
00597.jpg;453;480;473;500;3;19
00597.jpg;454;480;474;500;3;20
00597.jpg;651;504;679;532;3;20
00597.jpg;1128;158;1197;227;3;17
00597.jpg;651;505;679;533;1;21
00597.jpg;1339;492;1363;516;3;52
00597.jpg;1148;10;1178;40;1;23
00597.jpg;810;483;835;508;2;20
00598.jpg;975;468;1006;499;3;32
00598.jpg;973;467;1006;500;3;29
00599.jpg;783;400;805;422;1;27
00599.jpg;850;462;870;482;2;16
00599.jpg;676;391;706;421;3;26
00599.jpg;687;360;709;382;3;16
00599.jpg;710;386;737;413;2;22
00599.jpg;709;386;736;413;2;18
00599.jpg;806;410;837;441;3;21
00599.jpg;807;410;834;437;2;21
00599.jpg;263;418;308;463;2;33
